0100 000000000000000
1100 110110010000000
0100 110110010000000
1100 110110010000000
0000 110110010000000
1001 110110010000000
0001 110110010000000
1011 110110010000000
0011 110110010000000
1000 110110010000000
0000 110110010000000
1000 110110010000000
0000 110110010000000
1011 110110010000000
0011 110110010000000
1010 110110010000000
0010 110110010000000
1001 110110010000000
0001 110110010000000
1011 110110010000000
0011 110110010000000
1010 110110010000000
0010 110110010000000
1011 110110010000000
0011 110110010000000
1000 110110010000000
0000 110110010000000
1011 110110000000100
0011 110110000000100
1001 101110100000000
0001 101110100000000
1000 101110100000000
0000 101110100000000
1000 101110100000000
0000 101110100000000
1001 101110100000000
0001 101110100000000
1011 101110100000000
0011 101110100000000
1011 101110100000000
0011 101110100000000
1001 101110100000000
0001 101110100000000
1000 101110100000000
0000 101110100000000
1010 101110100000000
0010 101110100000000
1011 101110100000000
0011 101110100000000
1010 101110100000000
0010 101110100000000
1001 101110100000000
0001 101110100000000
1001 101110000001000
0001 101110000001000
1011 011111000000000
0011 011111000000000
1011 011111000000000
0011 011111000000000
1010 011111000000000
0010 011111000000000
1010 011111000000000
0010 011111000000000
1000 011111000000000
0000 011111000000000
1010 011111000000000
0010 011111000000000
1010 011110000010000
0010 011110000010000
1001 111100000100000
0001 111100000100000
1010 111100000100000
0010 111100000100000
1011 111100000100000
0011 111100000100000
1010 111100000100000
0010 111100000100000
1011 111100000100000
0011 111100000100000
1000 111100000100000
0000 111100000100000
1001 111100000100000
0001 111100000100000
1011 111100000100000
0011 111100000100000
1011 111100000100000
0011 111100000100000
1000 111100000100000
0000 111100000100000
1010 111100000100000
0010 111100000100000
1011 111100000100000
0011 111100000100000
1010 111100000000001
0010 111100000000001
1000 110110010000000
0000 110110010000000
1010 110110010000000
0010 110110010000000
1010 110110010000000
0010 110110010000000
1010 110110010000000
0010 110110010000000
1010 110110010000000
0010 110110010000000
1000 110110010000000
0000 110110010000000
1001 110110010000000
0001 110110010000000
1001 110110010000000
0001 110110010000000
1001 110110010000000
0001 110110010000000
1001 110110010000000
0001 110110010000000
1000 110110010000000
0000 110110010000000
1011 110110010000000
0011 110110010000000
1001 110110000000100
0001 110110000000100
1010 101110100000000
0010 101110100000000
1010 101110100000000
0010 101110100000000
1011 101110100000000
0011 101110100000000
1011 101110100000000
0011 101110100000000
1011 101110100000000
0011 101110100000000
1000 101110100000000
0000 101110100000000
1001 101110100000000
0001 101110100000000
1011 101110100000000
0011 101110100000000
1011 101110100000000
0011 101110100000000
1000 101110100000000
0000 101110100000000
1011 101110100000000
0011 101110100000000
1001 101110100000000
0001 101110100000000
1010 101110000001000
0010 101110000001000
1001 011111000000000
0001 011111000000000
1001 011111000000000
0001 011111000000000
1010 011111000000000
0010 011111000000000
1011 011111000000000
0011 011111000000000
1010 011111000000000
0010 011111000000000
1010 011111000000000
0010 011111000000000
1000 011110000010000
0000 011110000010000
1001 111100000100000
0001 111100000100000
1000 111100000100000
0000 111100000100000
1001 111100000100000
0001 111100000100000
1011 111100000100000
0011 111100000100000
1011 111100000100000
0011 111100000100000
1011 111100000100000
0011 111100000100000
1011 111100000100000
0011 111100000100000
1011 111100000100000
0011 111100000100000
1011 111100000100000
0011 111100000100000
1001 111100000100000
0001 111100000100000
1000 111100000100000
0000 111100000100000
1001 111100000100000
0001 111100000100000
1001 111100000000001
0001 111100000000001
1001 110110010000000
0001 110110010000000
1000 110110010000000
0000 110110010000000
1011 110110010000000
0011 110110010000000
1001 110110010000000
0001 110110010000000
1001 110110010000000
0001 110110010000000
1000 110110010000000
0000 110110010000000
1010 110110010000000
0010 110110010000000
1010 110110010000000
0010 110110010000000
1011 110110010000000
