0100 000000000000000 000000000000000
1100 110110010000000 111111111111111
0100 000000000000000 000000000000000
1100 110110010000000 111111111111111
0000 110110010000000 000000000000000
1001 110110010000000 111111111111111
0001 110110010000000 000000000000000
1011 110110010000000 111111111111111
0011 110110010000000 000000000000000
1000 110110010000000 111111111111111
0000 110110010000000 000000000000000
1000 110110010000000 111111111111111
0000 110110010000000 000000000000000
1011 110110010000000 111111111111111
0011 110110010000000 000000000000000
1010 110110010000000 111111111111111
0010 110110010000000 000000000000000
1001 110110010000000 111111111111111
0001 110110010000000 000000000000000
1011 110110010000000 111111111111111
0011 110110010000000 000000000000000
1010 110110010000000 111111111111111
0010 110110010000000 000000000000000
1011 110110010000000 111111111111111
0011 110110010000000 000000000000000
1000 110110010000000 111111111111111
0000 110110010000000 000000000000000
1011 110110000000100 111111111111111
0011 110110000000100 000000000000000
1001 101110100000000 111111111111111
0001 101110100000000 000000000000000
1000 101110100000000 111111111111111
0000 101110100000000 000000000000000
1000 101110100000000 111111111111111
0000 101110100000000 000000000000000
1001 101110100000000 111111111111111
0001 101110100000000 000000000000000
1011 101110100000000 111111111111111
0011 101110100000000 000000000000000
1011 101110100000000 111111111111111
0011 101110100000000 000000000000000
1001 101110100000000 111111111111111
0001 101110100000000 000000000000000
1000 101110100000000 111111111111111
0000 101110100000000 000000000000000
1010 101110100000000 111111111111111
0010 101110100000000 000000000000000
1011 101110100000000 111111111111111
0011 101110100000000 000000000000000
1010 101110100000000 111111111111111
0010 101110100000000 000000000000000
1001 101110100000000 111111111111111
0001 101110100000000 000000000000000
1001 101110000001000 111111111111111
0001 101110000001000 000000000000000
1011 011111000000000 111111111111111
0011 011111000000000 000000000000000
1011 011111000000000 111111111111111
0011 011111000000000 000000000000000
1010 011111000000000 111111111111111
0010 011111000000000 000000000000000
1010 011111000000000 111111111111111
0010 011111000000000 000000000000000
1000 011111000000000 111111111111111
0000 011111000000000 000000000000000
1010 011111000000000 111111111111111
0010 011111000000000 000000000000000
1010 011110000010000 111111111111111
0010 011110000010000 000000000000000
1001 111100000100000 111111111111111
0001 111100000100000 000000000000000
1010 111100000100000 111111111111111
0010 111100000100000 000000000000000
1011 111100000100000 111111111111111
0011 111100000100000 000000000000000
1010 111100000100000 111111111111111
0010 111100000100000 000000000000000
1011 111100000100000 111111111111111
0011 111100000100000 000000000000000
1000 111100000100000 111111111111111
0000 111100000100000 000000000000000
1001 111100000100000 111111111111111
0001 111100000100000 000000000000000
1011 111100000100000 111111111111111
0011 111100000100000 000000000000000
1011 111100000100000 111111111111111
0011 111100000100000 000000000000000
1000 111100000100000 111111111111111
0000 111100000100000 000000000000000
1010 111100000100000 111111111111111
0010 111100000100000 000000000000000
1011 111100000100000 111111111111111
0011 111100000100000 000000000000000
1010 111100000000001 111111111111111
0010 111100000000001 000000000000000
1000 110110010000000 111111111111111
0000 110110010000000 000000000000000
1010 110110010000000 111111111111111
0010 110110010000000 000000000000000
1010 110110010000000 111111111111111
0010 110110010000000 000000000000000
1010 110110010000000 111111111111111
0010 110110010000000 000000000000000
1010 110110010000000 111111111111111
0010 110110010000000 000000000000000
1000 110110010000000 111111111111111
0000 110110010000000 000000000000000
1001 110110010000000 111111111111111
0001 110110010000000 000000000000000
1001 110110010000000 111111111111111
0001 110110010000000 000000000000000
1001 110110010000000 111111111111111
0001 110110010000000 000000000000000
1001 110110010000000 111111111111111
0001 110110010000000 000000000000000
1000 110110010000000 111111111111111
0000 110110010000000 000000000000000
1011 110110010000000 111111111111111
0011 110110010000000 000000000000000
1001 110110000000100 111111111111111
0001 110110000000100 000000000000000
1010 101110100000000 111111111111111
0010 101110100000000 000000000000000
1010 101110100000000 111111111111111
0010 101110100000000 000000000000000
1011 101110100000000 111111111111111
0011 101110100000000 000000000000000
1011 101110100000000 111111111111111
0011 101110100000000 000000000000000
1011 101110100000000 111111111111111
0011 101110100000000 000000000000000
1000 101110100000000 111111111111111
0000 101110100000000 000000000000000
1001 101110100000000 111111111111111
0001 101110100000000 000000000000000
1011 101110100000000 111111111111111
0011 101110100000000 000000000000000
1011 101110100000000 111111111111111
0011 101110100000000 000000000000000
1000 101110100000000 111111111111111
0000 101110100000000 000000000000000
1011 101110100000000 111111111111111
0011 101110100000000 000000000000000
1001 101110100000000 111111111111111
0001 101110100000000 000000000000000
1010 101110000001000 111111111111111
0010 101110000001000 000000000000000
1001 011111000000000 111111111111111
0001 011111000000000 000000000000000
1001 011111000000000 111111111111111
0001 011111000000000 000000000000000
1010 011111000000000 111111111111111
0010 011111000000000 000000000000000
1011 011111000000000 111111111111111
0011 011111000000000 000000000000000
1010 011111000000000 111111111111111
0010 011111000000000 000000000000000
1010 011111000000000 111111111111111
0010 011111000000000 000000000000000
1000 011110000010000 111111111111111
0000 011110000010000 000000000000000
1001 111100000100000 111111111111111
0001 111100000100000 000000000000000
1000 111100000100000 111111111111111
0000 111100000100000 000000000000000
1001 111100000100000 111111111111111
0001 111100000100000 000000000000000
1011 111100000100000 111111111111111
0011 111100000100000 000000000000000
1011 111100000100000 111111111111111
0011 111100000100000 000000000000000
1011 111100000100000 111111111111111
0011 111100000100000 000000000000000
1011 111100000100000 111111111111111
0011 111100000100000 000000000000000
1011 111100000100000 111111111111111
0011 111100000100000 000000000000000
1011 111100000100000 111111111111111
0011 111100000100000 000000000000000
1001 111100000100000 111111111111111
0001 111100000100000 000000000000000
1000 111100000100000 111111111111111
0000 111100000100000 000000000000000
1001 111100000100000 111111111111111
0001 111100000100000 000000000000000
1001 111100000000001 111111111111111
0001 111100000000001 000000000000000
1001 110110010000000 111111111111111
0001 110110010000000 000000000000000
1000 110110010000000 111111111111111
0000 110110010000000 000000000000000
1011 110110010000000 111111111111111
0011 110110010000000 000000000000000
1001 110110010000000 111111111111111
0001 110110010000000 000000000000000
1001 110110010000000 111111111111111
0001 110110010000000 000000000000000
1000 110110010000000 111111111111111
0000 110110010000000 000000000000000
1010 110110010000000 111111111111111
0010 110110010000000 000000000000000
1010 110110010000000 111111111111111
0010 110110010000000 000000000000000
1011 110110010000000 111111111111111
